64
263
565
1156
1559
2264
3207
4106
5399
6787
12912
9551
11037
12657
14507
18064
19698
20919
23493
25804
28638
31119
41691
37511
40302
43979
46874
50501
53902
58450
65690
70776
74019
82198
82174
87536
91692
97789
98292
103475
116251
119355
131675
126251
133532
152615
166144
164712
164473
214693
176563
201202
189460
190372
198518
209911
212737
225114
232297
242243
284431
273314
279675
268818
288978
281735
288391
311356
321493
334231
349587
369295
355111
390383
377317
467903
406494
425545
489173
473381
430373
456577
450340
464801
499615
484659
497754
519211
522057
529647
555707
559468
557617
582134
613868
704060
642093
706434
701630
674840
