71
282
858
1195
2573
3057
6703
8683
9698
14258
17125
17715
26425
27032
33946
40729
43991
49981
59532
66069
89812
83055
108423
125501
112697
106883
115852
129094
140894
146614
168487
168002
196183
230118
220761
264204
251671
308787
246610
265783
296837
329131
373045
319756
370599
461563
372732
420775
407951
479819
472151
549447
565100
524694
524159
530611
589778
583301
591616
668287
831990
792944
818991
911840
761195
760032
887390
1191115
979906
1045877
1201482
1128457
1155288
1283498
1665746
1419567
1617388
1645443
1417785
1710354
1806149
1648291
1446610
1719264
1947966
1806555
2247701
1755792
1889558
2276167
1981748
2100680
2100660
2752257
2652103
2357108
2428150
2574627
3203580
3034429
